0
0.25011
0.24972
0.3756
0.37544
0.45379
0.45289
0.50777
0.50906
0.54949
0.54922
0.58387
0.58605
0.60738
0.60798
0.62994
0.62914
0.64683
0.64835
0.66324
0.66002
0.67799
0.67807
0.68954
0.69186
0.70295
0.69866
0.71351
0.71223
0.71873
0.72043
0.72973
0.728
0.73647
0.73762
0.7456
0.74671
0.75364
0.75398
0.76048
0.76052
0.76481
0.76277
0.76695
0.76751
0.77156
0.77109
0.77502
0.77477
0.78012
0.77885
0.78318
0.78405
0.78764
0.78772
0.79044
0.79109
0.79406
0.79451
0.79645
0.79702
0.80216
0.80124
0.80547
0.80456
0.80601
0.8058
0.80935
0.80906
0.8131
0.81117
0.81531
0.81544
0.81775
0.81955
0.82235
0.82171
0.82256
0.82614
0.82751
0.82711
0.83067
0.82977
0.83231
0.83212
0.83294
0.83275
0.8342
0.83369
0.83554
0.83594
0.83821
0.83673
0.83766
0.83961
0.84364
0.84396
0.84554
0.84455
0.84464
0.84493
0.84852
0.84659
0.84765
0.84905
0.85103
0.85015
0.85056
0.85065
0.85149
0.85142
0.85297
0.85203
0.85397
0.85142
0.85453
0.85325
0.85546
0.85744
0.8561
0.85742
0.85803
0.85921
0.85937
0.86087
0.86218
0.86103
0.86085
0.86107
0.86235
0.86111
0.8632
0.86302
0.86377
0.86501
0.8666
0.86564
0.86765
0.86782
0.86871
0.86704
0.86888
0.86966
0.87082
0.87031
0.86945
0.87002
0.8695
0.87176
0.87003
0.87171
0.87263
0.87216
0.8737
0.87271
0.87318
0.87516
0.87424
0.87517
0.8762
0.87501
0.87582
0.87547
0.87735
0.87541
0.87827
0.87909
0.87964
0.88001
0.88168
0.88028
0.88206
0.88122
0.88167
0.88276
0.88078
0.88278
0.8817
0.88298
0.88284
0.88325
0.88479
0.88424
0.88547
0.88417
0.88318
0.88427
0.88489
0.88421
0.88574
0.88597
0.88648
0.88772
0.88708
0.88751
0.88722
0.88733
0.88817
0.88816
0.88885
0.88844
0.88973
0.8883
0.89032
0.88911
0.88949
0.89052
0.89085
0.89084
0.89121
0.89057
0.89184
0.89034
0.89125
0.89039
0.89162
0.8913
0.89176
0.8916
0.8925
0.89206
0.89177
0.89227
0.89335
0.89406
0.89397
0.89375
0.89238
0.89396
0.89216
0.89335
0.89383
0.89487
0.8936
0.89604
0.89463
0.89514
0.89569
0.89473
0.8958
0.89569
0.897
0.89677
0.89684
0.89789
0.89857
0.89864
0.89886
0.89878
0.89899
0.89827
0.8982
0.89827
0.89952
0.89918
0.89954
0.90037
0.90001
0.89964
0.89981
0.89909
0.90062
0.90158
0.90173
0.90123
0.90179
0.90139
0.90335
0.90195
0.90438
0.90325
0.90462
0.90552
0.90506
0.90524
0.90579
0.90505
0.90605
0.90639
0.90552
0.9068
0.90605
0.90716
0.9063
0.90802
0.90714
0.90866
0.90965
0.90942
0.91027
0.90907
0.90936
0.90959
0.91031
0.90958
0.91073
0.90908
0.91102
0.90998
0.9111
0.91144
0.91112
0.91232
0.91168
0.91223
0.91241
0.9123
0.91236
0.91244
0.913
0.9118
0.91311
0.9129
0.91275
0.9119
0.91224
0.9114
0.91181
0.91099
0.91266
0.9104
0.91215
0.91013
0.91155
0.90951
0.91278
0.91143
0.91137
0.9115
0.91186
0.91237
0.9138
0.91238
0.91365
0.91392
0.91408
0.91341
0.91402
0.91333
0.91411
0.91312
0.91433
0.91452
0.91535
0.91599
0.91435
0.9157
0.91461
0.91464
0.91427
0.9153
0.91471
0.91467
0.91507
0.91447
0.91457
0.91422
0.91443
0.914
0.91554
0.91522
0.9158
0.91481
0.91564
0.91719
0.91726
0.91658
0.9178
0.91701
0.91555
0.91699
0.91747
0.91676
0.91704
0.9162
0.91626
0.91603
0.91473
0.91692
0.91524
0.91663
0.91704
0.91681
0.91557
0.9171
0.91511
0.91696
0.91501
0.91666
0.9154
0.91709
0.91792
0.91741
0.91566
0.91666
0.91684
0.91701
0.9173
0.91695
0.91619
0.9161
0.91643
0.91756
0.91699
0.91693
0.91795
0.91656
0.91874
0.91703
0.91922
0.91917
0.92007
0.91967
0.92029
0.91972
0.92005
0.91965
0.92106
0.92127
0.92064
0.92125
0.92131
0.92151
0.92152
0.92176
0.92113
0.9214
0.92152
0.92245
0.92401
0.92278
0.92393
0.9224
0.92366
0.92163
0.92236
0.92266
0.92335
0.92301
0.92481
0.92288
0.92409
0.92245
0.92268
0.92264
0.9232
0.92336
0.92327
0.92428
0.92454
0.92592
0.92661
0.92571
0.92645
0.92559
0.92673
0.92605
0.92725
0.92643
0.92735
0.92639
0.92751
0.92779
0.92759
0.92813
0.92871
0.92852
0.9291
0.9294
0.92895
0.92918
0.9284
0.92882
0.92784
0.92864
0.92772
0.92803
0.92808
0.92797
0.92819
0.92776
0.92844
0.92737
0.9271
0.92718
0.92741
0.92691
0.92779
0.92884
0.92815
0.92896
0.92794
0.92883
0.9274
0.92867
0.9271
0.92906
0.92804
0.92882
0.92796
0.92902
0.92818
0.92939
0.92931
0.92908
0.92933
0.92889
0.929
0.9286
0.92851
0.92856
0.92993
0.92804
0.9295
0.92813
0.93032
0.92987
0.92964
0.93003
0.93062
0.93
0.93053
0.92979
0.93057
0.93082
0.9311
0.93061
0.92994
0.93046
0.93029
0.93085
0.93109
0.93107
0.93052
0.93093
0.931
0.93133
0.93112
0.93062
0.93101
0.93055
0.93044
0.93044
0.93026
0.93062
0.93105
0.93033
0.93092
0.93098
0.93062
0.93091
0.93057
0.93064
0.93053
0.93136
0.93039
0.93104
0.93074
0.93156
0.93075
0.93101
0.93124
0.93103
0.93083
0.93089
0.93164
0.93115
0.93132
0.93044
0.93149
0.93118
0.93213
0.93254
0.93214
0.93231
0.93164
0.93183
0.93426
0.93155
0.93101
0.93155
0.93426
0.93279
0.93356
0.93346
0.93356
0.934
0.93307
0.93388
0.9329
0.93392
0.9329
0.93351
0.93508
0.93428
0.93471
0.93351
0.93326
0.93365
0.93524
0.93437
0.9344
0.93424
0.93483
0.93527
0.93646
0.93645
0.93565
0.93637
0.93717
0.93615
0.93623
0.93601
0.93716
0.9358
0.93699
0.93638
0.93704
0.93628
0.93737
0.93728
0.93752
0.93665
0.9374
0.9378
0.93741
0.93733
0.93703
0.93722
0.93747
0.93822
0.93725
0.93801
0.93736
0.93777
0.93763
0.93706
0.9373
0.93697
0.93819
0.93856
0.93792
0.93852
0.93801
0.93838
0.93847
0.93848
0.93862
0.93857
0.93907
0.93925
0.93814
0.93928
0.93836
0.93927
0.93896
0.93932
0.93897
0.9393
0.93923
0.93931
0.93968
0.93935
0.9396
0.93933
0.94049
0.94009
0.94015
0.94
0.94011
0.94034
0.94027
0.94045
0.94083
0.94093
0.94008
0.94071
0.94111
0.94031
0.94008
0.94031
0.94083
0.9406
0.94114
0.94015
0.93956
0.94032
0.93952
0.94041
0.9405
0.94018
0.94058
0.94015
0.9398
0.94059
0.94057
0.94066
0.94058
0.94072
0.94043
0.94075
0.93965
0.94052
0.93942
0.94015
0.9402
0.9403
0.94028
0.94047
0.94029
0.94049
0.93991
0.94015
0.93972
0.94056
0.94008
0.94095
0.94088
0.94039
0.93925
0.94005
0.93962
0.9405
0.93992
0.9405
0.94134
0.94204
0.94126
0.9422
0.94192
0.94173
0.94177
0.94269
0.94228
0.94272
0.94184
0.94276
0.9421
0.94276
0.94157
0.94209
0.94236
0.94193
0.94094
0.94281
0.94354
0.94321
0.94153
0.94384
0.94218
0.94361
0.94341
0.94335
0.9419
0.94386
0.94197
0.94305
0.94276
0.94276
0.94356
0.94377
0.94223
0.94366
0.94265
0.94412
0.94252
0.94439
0.94416
0.94397
0.94192
0.94416
0.94192
0.94427
0.9444
0.94406
0.94461
0.94466
0.94477
0.94464
0.94455
0.9449
0.9443
0.94461
0.94305
0.94535
0.94507
0.94492
0.94486
0.94508
0.94474
0.94602
0.94538
0.94598
0.9455
0.94597
0.94468
0.94582
0.94431
0.94649
0.94542
0.94633
0.94475
0.94638
0.94468
0.9463
0.94484
0.94649
0.94647
0.94556
0.94624
0.94549
0.94495
0.9456
0.94512
0.94566
0.94507
0.94565
0.94712
0.9463
0.94681
0.94597
0.94651
0.94564
0.94621
0.94578
0.94618
0.9457
0.94611
0.94572
0.94597
0.94568
0.94656
0.946
0.94698
0.94603
0.94653
0.94591
0.9476
0.94583
0.94643
0.94567
0.94701
0.94523
0.94666
0.94465
0.94643
0.94495
0.94667
0.94523
0.94649
0.94533
0.94717
0.94538
0.94677
0.94621
0.94807
0.94693
0.94914
0.94707
0.94833
0.94724
0.94851
0.94975
0.94998
0.95099
0.95055
0.95118
0.95063
0.95078
0.95155
0.95234
0.95163
0.95236
0.95181
0.95208
0.95173
0.95219
0.95166
0.95215
0.95224
0.95212
0.95202
0.95186
0.95189
0.95168
0.95176
0.95144
0.95135
0.95183
0.95017
0.95162
0.95101
0.95193
0.95118
0.95174
0.95125
0.95151
0.95051
0.95159
0.95081
0.95137
0.95091
0.95134
0.9506
0.95173
0.95182
0.95204
0.95241
0.95227
0.95135
0.95237
0.95219
0.95224
0.9522
0.95214
0.95207
0.95205
0.95207
0.95178
0.95238
0.95203
0.9519
0.95317
0.95295
0.9533
0.95301
0.9534
0.95322
0.9535
0.95349
0.95373
0.95327
0.95353
0.95362
0.95377
0.95336
0.95379
0.95366
0.95357
0.95292
0.95329
0.95394
0.95365
0.95316
0.95341
0.95378
0.95341
0.95279
0.95311
0.95365
0.95314
0.95371
0.95304
0.95359
0.95302
0.95334
0.95288
0.95381
0.95403
0.95458
0.954
0.95443
0.95375
0.95468
0.95458
0.95484
0.95462
0.95464
0.95468
0.9548
0.95485
0.95444
0.95457
0.95494
0.95449
0.95403
0.95431
0.95454
0.95391
0.95429
0.95403
0.95426
0.9537
0.95416
0.95379
0.95427
0.95377
0.95416
0.95369
0.95395
0.9535
0.95389
0.9536
0.95447
0.95484
0.95467
0.955
0.95447
0.95505
0.95569
0.95528
0.95558
0.95508
0.95579
0.95537
0.95506
0.95534
0.95534
0.95529
0.95584
0.95551
0.9555
0.9558
0.95539
0.95586
0.95549
0.95575
0.95589
0.95568
0.95662
0.9565
0.95631
0.95636
0.95608
0.9561
0.95596
0.95577
0.95494
0.9556
0.95468
0.95561
0.95599
0.95605
0.95484
0.95586
0.95457
0.95587
0.95558
0.95566
0.95565
0.9558
0.95578
0.95566
0.95563
0.95572
0.95579
0.95556
0.95581
0.95554
0.95564
0.95564
0.95557
0.95572
0.95567
0.95585
0.95473
0.9558
0.95494
0.95615
0.95563
0.95607
0.95495
0.95568
0.95496
0.95605
0.95568
0.95604
0.95553
0.95557
0.95438
0.95547
0.95541
0.95558
0.95616
0.95524
0.95585
0.9549
0.95585
0.95497
0.95476
0.95518
0.95492
0.95546
0.95467
0.95517
0.95625
0.95526
0.9561
0.95524
0.95605
0.95542
0.95624
0.95671
0.95529
0.95679
0.95696
0.9567
0.95703
0.95718
0.95751
0.9573
0.95766
0.95749
0.95493
0.95721
0.95762
0.95731
0.95608
0.95754
0.95607
0.95758
0.95601
0.95746
0.95613
0.9577
0.95619
0.95758
0.95665
0.95798
0.95689
0.95773
0.95805
0.95803
0.95732
0.9581
0.95743
0.95805
0.95813
0.95782
0.95802
0.95776
0.95786
0.95769
0.95728
0.95763
0.9578
0.9571
0.95773
0.95716
0.95787
0.95709
0.95579
0.95653
0.95785
0.95687
0.95653
0.95713
0.95837
0.95706
0.95821
0.95669
0.95636
0.95674
0.95684
0.95667
0.95801
0.95669
0.95622
0.95657
0.95792
0.95678
0.95813
0.95677
0.9565
0.95674
0.95661
0.9568
0.95668
0.95671
0.95799
0.95655
0.95629
0.95636
0.95617
0.95639
0.9588
0.95645
0.95618
0.95646
0.95643
0.95642
0.95705
0.95791
0.95828
0.95749
0.9566
0.95722
0.95617
0.95682
0.95595
0.9568
0.95593
0.95681
0.95711
0.95692
0.95713
0.95688
0.95728
0.95663
0.95673
0.9568
0.95668
0.95654
0.95647
0.95637
0.95706
0.95589
0.95615
0.95581
0.95663
0.95603
0.95601
0.95597
0.95683
0.95595
0.95575
0.95563
0.95693
0.9557
0.9572
0.95553
0.95553
0.95544
0.95553
0.95544
0.95566
0.95561
0.95693
0.95697
0.95496
0.95673
0.95644
0.95662
0.9564
0.95666
0.95641
0.95654
0.95653
0.95641
0.95565
0.9562
0.95543
0.95605
0.95609
0.95608
0.9559
0.95586
0.95579
0.95565
0.95552
0.9553
0.9556
0.95522
0.95527
0.95578
0.95553
0.95568
0.95535
0.95573
0.95579
0.95557
0.95534
0.95577
0.95597
0.95584
0.95574
0.95566
0.9555
0.95534
0.95551
0.95512
0.95543
0.95494
0.95519
0.95487
0.95466
0.95472
0.95462
0.95467
0.95477
0.95494
0.95453
0.95418
0.95429
0.95465
0.95425
0.95417
0.95463
0.95446
0.95452
0.95417
0.95397
0.95384
0.9537
0.95366
0.9534
0.95433
0.95474
0.95447
0.95503
0.95473
0.95502
0.95587
0.95608
0.95613
0.95456
0.95649
0.95636
0.95664
0.95638
0.95647
0.95626
0.95632
0.95628
0.95621
0.95612
0.95629
0.95613
0.95599
0.95566
0.95608
0.95582
0.95607
0.95603
0.95574
0.95588
0.95585
0.95615
0.95625
0.95647
0.95616
0.95612
0.95717
0.95681
0.9571
0.95716
0.95685
0.95706
0.95672
0.95691
0.95684
0.9569
0.95653
0.95629
0.95632
0.95675
0.95673
0.95809
0.95701
0.9567
0.95845
0.95787
0.95794
0.95801
0.9586
0.95857
0.95839
0.95912
0.95858
0.9594
0.95863
0.95861
0.95858
0.9586
0.95853
0.95914
0.95901
0.95888
0.959
0.95895
0.95891
0.95932
0.95874
0.95936
0.95892
0.95926
0.95879
0.95921
0.95873
0.9596
0.95885
0.95897
0.95896
0.95864
0.9588
0.95872
0.9587
0.95839
0.95873
0.9595
0.95845
0.95848
0.95861
0.95934
0.95848
0.95904
0.95831
0.95795
0.95813
0.95857
0.95821
0.95803
0.95838
0.9588
0.95828
0.95875
0.9596
0.95894
0.9596
0.95896
0.95969
0.95913
0.95997
0.9593
0.96012
0.95925
0.96003
0.95923
0.95995
0.95867
0.95951
0.95878
0.95952
0.95882
0.95947
0.95863
0.95953
0.96028
0.95977
0.95885
0.95953
0.96009
0.95943
0.9589
0.95975
0.96077
0.95993
0.95898
0.96002
0.95933
0.96004
0.95897
0.95999
0.96051
0.95984
0.96032
0.95956
0.96061
0.96002
0.96097
0.96012
0.96108
0.9601
0.96095
0.96009
0.95891
0.96037
0.96132
0.96027
0.95866
0.96027
0.96091
0.96035
0.95904
0.96019
0.96077
0.95994
0.96141
0.96091
0.95965
0.96067
0.96127
0.96093
0.95951
0.9609
0.95945
0.96103
0.96113
0.96066
0.96135
0.96064
0.96107
0.96071
0.9586
0.96039
0.96113
0.96059
0.95878
0.96067
0.96135
0.96062
0.96124
0.96057
0.95982
0.96056
0.9595
0.96051
0.96105
0.96048
0.96117
0.96034
0.961
0.96037
0.95961
0.96056
0.95961
0.96039
0.96065
0.96058
0.96083
0.96073
0.96067
0.96068
0.96047
0.96051
0.96077
0.96064
0.96058
0.96043
0.96034
0.96065
0.96094
0.96051
0.96033
0.96039
0.96097
0.96033
0.96033
0.96002
0.96014
0.95992
0.9603
0.9603
0.96039
0.96035
0.9607
0.96032
0.9608
0.96066
0.96094
0.96052
0.96157
0.96041
0.96032
0.96041
0.96144
0.96024
0.96135
0.96004
0.9613
0.96008
0.9613
0.95976
0.96122
0.95966
0.96106
0.96108
0.96157
0.96102
0.96157
0.96144
0.96167
0.96146
0.96165
0.96142
0.9617
0.96139
0.96134
0.96104
0.96128
0.96116
0.96118
0.96102
0.96128
0.96141
0.96158
0.96136
0.9615
0.96143
0.96149
0.96149
0.9615
0.96141
0.96235
0.96127
0.96125
0.96107
0.96228
0.96099
0.96129
0.96109
0.9618
0.96126
0.96187
0.96113
0.96136
0.96104
0.96108
0.96097
0.96151
0.9619
0.96178
0.96163
0.96127
0.96161
0.96155
0.96149
0.9612
0.96119
0.96099
0.961
0.96099
0.96126
0.9609
0.96088
0.96098
0.96091
0.96162
0.96102
0.96154
0.96091
0.96134
0.96102
0.9612
0.96092
0.96118
0.96082
0.96094
0.96087
0.96101
0.96089
0.96196
0.96065
0.96155
0.96134
0.96173
0.96096
0.96174
0.96217
0.96266
0.96208
0.96248
0.96197
0.96226
0.96213
0.96288
0.96247
0.96228
0.9626
0.96237
0.96256
0.96222
0.9624
0.96218
0.96213
0.96279
0.96223
0.96209
0.96226
0.96218
0.96223
0.96383
0.96395
0.96291
0.96415
0.96397
0.96403
0.96296
0.96402
0.9631
0.96411
0.96418
0.96429
0.96414
0.96442
0.96424
0.96486
0.96444
0.96486
0.9647
0.96484
0.96454
0.96468
0.96452
0.96475
0.96435
0.9644
0.96454
0.96435
0.96477
0.96486
0.96479
0.96453
0.9645
0.96444
0.96464
0.96434
0.96445
0.96457
0.96452
0.96449
0.9646
0.96466
0.96465
0.96454
0.96469
0.96495
0.96443
0.96481
0.9648
0.9646
0.96464
0.96436
0.9647
0.96441
0.9643
0.96443
0.96455
0.96494
0.96485
0.96443
0.96423
0.96493
0.96508
0.96494
0.96494
0.96466
0.96496
0.96467
0.96418
0.96456
0.96397
0.96434
0.96399
0.96464
0.96401
0.96458
0.96432
0.96464
0.96458
0.96476
0.96451
0.96528
0.96464
0.9652
0.96465
0.96477
0.96542
0.96491
0.96343
0.96393
0.96452
0.96333
0.9625
0.96314
0.96356
0.96372
0.96351
0.9636
0.96342
0.96374
0.96371
0.9635
0.96382
0.96365
0.96394
0.96362
0.96388
0.96348
0.96363
0.96351
0.9646
0.96362
0.96446
0.96367
0.96404
0.96362
0.96381
0.96355
0.96576
0.96346
0.9667
0.96617
0.96498
0.96604
0.96473
0.96593
0.96644
0.96579
0.96452
0.96583
0.96648
0.9658
0.96642
0.96593
0.96446
0.96595
0.96637
0.96586
0.96641
0.96601
0.96442
0.96584
0.96416
0.96573
0.96632
0.96599
0.96477
0.96595
0.96657
0.96583
0.96436
0.96592
0.96424
0.96576
0.96444
0.96612
0.96453
0.96625
0.96692
0.96591
0.96447
0.96596
0.96423
0.96593
0.96669
0.96585
0.96425
0.96594
0.9642
0.96617
0.96677
0.9658
0.96677
0.96578
0.96673
0.96576
0.9666
0.96574
0.96653
0.96582
0.96674
0.96579
0.96417
0.96587
0.96638
0.96585
0.96399
0.96585
0.96641
0.96574
0.96628
0.96555
0.96411
0.96572
0.96408
0.96554
0.96401
0.96563
0.96659
0.96579
0.96379
0.96567
0.96647
0.96579
0.96405
0.96568
0.96457
0.96574
0.96539
0.96577
0.96643
0.96579
0.96554
0.96575
0.96645
0.96576
0.96633
0.96569
0.96553
0.96585
0.96641
0.96575
0.96553
0.96555
0.96614
0.96542
0.96704
0.96606
0.96676
0.96582
0.96683
0.96606
0.96702
0.96643
0.96586
0.96634
0.96556
0.96623
0.96772
0.96603
0.96552
0.96585
0.96768
0.96598
0.96749
0.96565
0.96609
0.96662
0.96614
0.96648
0.96613
0.96604
0.9657
0.96603
0.9669
0.96597
0.96544
0.96444
0.96408
0.96462
0.96404
0.9649
0.96401
0.96501
0.9666
0.9648
0.96666
0.96496
0.96666
0.96489
0.96398
0.96477
0.96632
0.96457
0.96414
0.96446
0.96422
0.96445
0.96611
0.96422
0.96608
0.96415
0.96378
0.96423
0.96582
0.96421
0.96416
0.96426
0.96452
0.96442
0.96443
0.96439
0.96617
0.96422
0.96613
0.96423
0.96438
0.96434
0.96437
0.96419
0.96603
0.96429
0.96422
0.9643
0.9643
0.96428
0.96436
0.96434
0.96444
0.96414
0.96413
0.96406
0.96429
0.96404
0.96433
0.96427
0.96586
0.96424
0.96606
0.96434
0.96592
0.9643
0.96589
0.96419
0.96424
0.96414
0.96409
0.96415
0.96565
0.96541
0.96498
0.96543
0.96598
0.96538
0.96583
0.96523
0.96463
0.96481
0.96498
0.96468
0.96488
0.9646
0.96488
0.96465
0.96446
0.96459
0.96464
0.96451
0.96459
0.96466
0.9647
0.96474
0.96478
0.96467
0.96463
0.96444
0.96457
0.96446
0.96471
0.96461
0.96534
0.96548
0.96654
0.96542
0.9663
0.96539
0.96449
0.9654
0.96476
0.96559
0.96658
0.96536
0.96664
0.96551
0.96466
0.9654
0.96491
0.96552
0.96506
0.96572
0.96494
0.96556
0.96483
0.96554
0.96469
0.96548
0.96473
0.96539
0.96646
0.96542
0.9666
0.96588
0.96664
0.96577
0.96588
0.96586
0.96587
0.96645
0.96689
0.96639
0.96638
0.96619
0.96673
0.96609
0.96631
0.96627
0.96703
0.96632
0.96701
0.96649
0.96615
0.96617
0.96692
0.96644
0.96684
0.96655
0.96637
0.96659
0.96685
0.96645
0.96614
0.96616
0.96586
0.96647
0.96624
0.96648
0.96628
0.96662
0.96659
0.96688
0.96681
0.96687
0.96704
0.96671
0.9664
0.96665
0.96666
0.96729
0.96732
0.96741
0.96783
0.9678
0.96773
0.96753
0.96763
0.96791
0.96784
0.96785
0.96755
0.96742
0.9674
0.96743
0.9676
0.96737
0.96753
0.96795
0.96792
0.96741
0.96801
0.96803
0.96811
0.968
0.96823
0.9681
0.96839
0.96841
0.96834
0.96844
0.96827
0.96844
0.96837
0.96843
0.96953
0.96926
0.96945
0.96947
0.9692
0.96945
0.97064
0.96963
0.97023
0.97044
0.97037
0.97048
0.9703
0.97033
0.97041
0.97047
0.97055
0.9705
0.97051
0.97046
0.97054
0.97045
0.97042
0.97028
0.97033
0.97043
0.9704
0.9704
0.97048
0.97054
0.97059
0.97062
0.97056
0.97058
0.97048
0.97049
0.97051
0.97049
0.9703
0.97036
0.97011
0.97026
0.96999
0.97023
0.9703
0.9701
0.97053
0.97031
0.97
0.97032
0.97003
0.9703
0.97033
0.97045
0.97043
0.97053
0.9703
0.97055
0.97081
0.97063
0.97051
0.97062
0.97055
0.97057
0.97077
0.97066
0.97085
0.97065
0.97048
0.97077
0.97092
0.97081
0.97061
0.97082
0.97071
0.9707
0.97061
0.97054
0.97056
0.97054
0.97058
0.97057
0.97168
0.97166
0.97161
0.97133
0.97126
0.97144
0.97131
0.97152
0.97125
0.9712
0.97116
0.97115
0.97161
0.97142
0.97163
0.97114
0.97146
0.97107
0.97084
0.97096
0.97086
0.97099
0.97115
0.97101
0.97082
0.97103
0.9713
0.97118
0.97066
0.97054
0.97066
0.97055
0.97019
0.97035
0.9705
0.97017
0.97031
0.97068
0.97038
0.97065
0.9706
0.97042
0.97062
0.97056
0.97064
0.9706
0.97039
0.97049
0.97048
0.97054
0.97041
0.97051
0.97068
0.97068
0.97067
0.9704
0.97047
0.97046
0.97055
0.97002
0.97041
0.97044
0.97048
0.97052
0.97062
0.97078
0.97089
0.97073
0.97067
0.97068
0.97062
0.97068
0.97045
0.97027
0.97036
0.97025
0.97027
0.9707
0.97073
0.97051
0.97077
0.97085
0.97074
0.97102
0.97067
0.97062
0.97059
0.97104
0.97098
0.97111
0.97084
0.97082
0.97078
0.97083
0.97088
0.97088
0.97088
0.97091
0.97091
0.97081
0.97066
0.97066
0.9706
0.9708
0.97067
0.97092
0.97082
0.97099
0.97124
0.97105
0.97079
0.97086
0.97062
0.9707
0.97055
0.97062
0.97034
0.97041
0.97064
0.97036
0.97067
0.97029
0.96991
0.96998
0.96987
0.97007
0.97005
0.96994
0.96984
0.97004
0.96965
0.96952
0.96947
0.96966
0.9696
0.96972
0.96954
0.96975
0.96984
0.96963
0.96953
0.96978
0.96977
0.96971
0.96963
0.96979
0.96975
0.96969
0.96961
0.96982
0.96958
0.96958
0.9696
0.96952
0.96959
0.96964
0.9697
0.96965
0.96964
0.96974
0.96969
0.9698
0.96979
0.96961
0.96965
0.96989
0.96975
0.96963
0.96979
0.96984
0.9697
0.96994
0.96962
0.97007
0.97005
0.96967
0.96966
0.96965
0.96996
0.96984
0.96983
0.9698
0.9697
0.96974
0.96975
0.96978
0.96948
0.96989
0.97004
0.97015
0.97006
0.97014
0.96989
0.96984
0.96994
0.96965
0.96978
0.96973
0.96978
0.96978
0.96965
0.96995
0.96995
0.96972
0.97012
0.96996
0.97029
0.97015
0.97016
0.9704
0.97023
0.97013
0.97032
0.97016
0.9704
0.97027
0.97013
0.97039
0.97062
0.97044
0.97048
0.97017
0.97006
0.97012
0.97005
0.97013
0.9701
0.97007
0.96989
0.96981
0.96987
0.96993
0.96975
0.96982
0.96989
0.97004
0.96974
0.96992
0.96963
0.96977
0.96984
0.96943
0.96954
0.9693
0.96955
0.96932
0.96912
0.96921
0.96918
0.96931
0.96903
0.9691
0.96908
0.96928
0.96901
0.96905
0.96912
0.96887
0.96857
0.96857
0.96885
0.96871
0.96871
0.96875
0.96879
0.96883
0.96883
0.96895
0.96898
0.9689
0.9691
0.96906
0.96903
0.96877
0.96862
0.96873
0.96888
0.96879
0.96877
0.96881
0.9688
0.96889
0.96896
0.96898
0.96868
0.96908
0.96897
0.96881
0.96901
0.96884
0.96887
0.96895
0.96877
0.96892
0.96876
0.96907
0.96883
0.96877
0.96882
0.96887
0.9693
0.96911
0.9689
0.96891
0.96923
0.96908
0.96906
0.96906
0.96909
0.96902
0.96907
0.96905
0.9691
0.96912
0.96879
0.96872
0.96877
0.96888
0.96887
0.96894
0.96901
0.9689
0.96881
0.96851
0.96997
0.96994
0.96981
0.96976
0.96954
0.96973
0.96972
0.96955
0.96963
0.96959
0.96978
0.96953
0.96922
0.96938
0.96907
0.9693
0.96919
0.96925
0.96925
0.96904
0.96897
0.96905
0.96895
0.96898
0.96879
0.96898
0.96882
0.96885
0.96897
0.96889
0.9689
0.96881
0.96879
0.96872
0.96865
0.96855
0.96835
0.96845
0.96863
0.96842
0.96852
0.9688
0.96903
0.9689
0.96919
0.96901
0.96906
0.96922
0.96944
0.96925
0.96945
0.96945
0.96943
0.9695
0.96945
0.96941
0.96932
0.96936
0.96941
0.96945
0.96957
0.96941
0.96904
0.96933
0.96945
0.96955
0.96953
0.96972
0.96972
0.96971
0.96976
0.96967
0.9695
0.9696
0.96952
0.9695
0.96965
0.96969
0.96966
0.96972
0.96971
0.9697
0.96961
0.96968
0.96953
0.96969
0.96992
0.96984
0.97004
0.96981
0.96952
0.96995
0.97045
0.96998
0.97032
0.97002
0.97014
0.96996
0.97015
0.96989
0.96978
0.97006
0.96999
0.96985
0.96998
0.97002
0.97016
0.97005
0.96997
0.97001
0.97002
0.97007
0.96997
0.97003
0.97002
0.96993
0.97009
0.96998
0.96998
0.96989
0.97064
0.96971
0.96988
0.97078
0.97019
0.97072
0.97193
0.97199
0.97289
0.97294
0.97287
0.97291
0.97312
0.97306
0.97328
0.97313
0.97307
0.97309
0.97326
0.97312
0.97321
0.97308
0.97311
0.97295
0.97273
0.97286
0.97276
0.97298
0.97289
0.97308
0.97298
0.9731
0.97306
0.97314
0.97304
0.97311
0.97328
0.97309
0.97293
0.97307
0.97329
0.97309
0.97292
0.97302
0.9727
0.97303
0.97309
0.97304
0.97314
0.97314
0.97326
0.97312
0.97318
0.97303
0.97304
0.97295
0.973
0.97307
0.97287
0.97289
0.97295
0.97284
0.97299
0.9729
0.97303
0.97289
0.97291
0.97298
0.97292
0.97289
0.97294
0.97303
0.97307
0.97306
0.97314
0.97309
0.9731
0.97305
0.97293
0.97282
0.97283
0.97306
0.97307
0.97312
0.97304
0.973
0.97288
0.97307
0.9732
0.97294
0.97325
0.97302
0.97311
0.97292
0.97296
0.97283
0.9728
0.97289
0.97299
0.97291
0.97287
0.97297
0.97321
0.97312
0.97314
0.97304
0.97307
0.97309
0.97291
0.97304
0.97295
0.97299
0.97289
0.97286
0.97287
0.97292
0.97298
0.97291
0.97294
0.97298
0.97286
0.97293
0.97293
0.97294
0.97306
0.9729
0.97286
0.97285
0.97278
0.97289
0.97294
0.97287
0.9729
0.97282
0.97287
0.97268
0.9728
0.97265
0.97258
0.97363
0.9737
0.9735
0.97364
0.97353
0.97245
0.97334
0.97243
0.9734
0.9723
0.97315
0.97317
0.97299
0.97216
0.97312
0.97215
0.97316
0.97217
0.97329
0.97347
0.97336
0.97344
0.97338
0.97338
0.9734
0.97344
0.97336
0.97333
0.97331
0.97228
0.97333
0.9734
0.9732
0.97332
0.97311
0.97203
0.97294
0.97196
0.97311
0.97319
0.97312
0.97314
0.97313
0.97196
0.97307
0.97309
0.97307
0.9712
0.97306
0.97138
0.97316
0.97148
0.97321
0.9736
0.97355
0.97141
0.97346
0.97146
0.97338
0.97147
0.97251
0.97338
0.97233
0.97232
0.97226
0.9722
0.97209
0.97226
0.97237
0.97247
0.97248
0.97245
0.97239
0.97257
0.97233
0.97231
0.9724
0.97245
0.9725
0.97255
0.97265
0.97266
0.97258
0.97242
0.97253
0.97255
0.97247
0.9725
0.97268
0.97252
0.97253
0.9728
0.97264
0.9729
0.97276
0.97291
0.97288
0.97287
0.97286
0.97294
0.97271
0.97289
0.97294
0.97282
0.97309
0.97294
0.97312
0.97314
0.97319
0.97324
0.9734
0.97336
0.97357
0.97354
0.97342
0.97338
0.97354
0.9734
0.97342
0.97343
0.9734
0.9735
0.97332
0.97366
0.9735
0.97373
0.97355
0.97323
0.97338
0.97327
0.97344
0.97301
0.97314
0.97307
0.97325
0.97341
0.97318
0.97328
0.97299
0.97331
0.97362
0.97331
0.97301
0.97329
0.97358
0.97327
0.97316
0.97338
0.97326
0.97347
0.97358
0.97331
0.97331
0.9735
0.97342
0.97349
0.97367
0.97349
0.97333
0.97361
0.97387
0.97358
0.97392
0.97364
0.97392
0.97383
0.97343
0.97363
0.97402
0.97375
0.97404
0.97367
0.97399
0.97508
0.97403
0.97373
0.97409
0.97517
0.97393
0.9736
0.97393
0.97484
0.9737
0.97475
0.9738
0.97488
0.9738
0.9749
0.9748
0.97483
0.97471
0.97467
0.97473
0.97471
0.97473
0.97464
0.97464
0.97451
0.97465
0.97487
0.97478
0.97488
0.97483
0.97479
0.97486
0.97487
0.97488
0.97481
0.97485
0.97501
0.97483
0.97479
0.97496
0.97492
0.97506
0.97494
0.97496
0.97496
0.97516
0.97502
0.97509
0.97521
0.97518
0.97525
0.97516
0.97519
0.97504
0.97506
0.97502
0.97521
0.97501
0.97483
0.97493
0.97499
0.97488
0.97495
0.97485
0.97476
0.97497
0.97507
0.97601
0.97601
0.97605
0.97504
0.97603
0.97602
0.97601
0.97625
0.97635
0.976
0.97625
0.97626
0.97629
0.97605
0.97586
0.97594
0.97583
0.97592
0.97568
0.97577
0.97577
0.97565
0.97558
0.97568
0.97567
0.97577
0.97578
0.97578
0.97578
0.97582
0.97578
0.97579
0.9757
0.97599
0.97586
0.97585
0.97583
0.97575
0.97597
0.97612
0.97594
0.97599
0.97582
0.97578
0.97576
0.97599
0.97595
0.97571
0.97574
0.97566
0.97576
0.97567
0.97593
0.97599
0.97577
0.97545
0.97574
0.9754
0.97566
0.97535
0.97536
0.97527
0.97564
0.97532
0.97557
0.97556
0.97571
0.97534
0.97574
0.97536
0.97566
0.97518
0.97546
0.97512
0.97548
0.97507
0.97503
0.9754
0.97495
0.97486
0.97488
0.97484
0.97487
0.97533
0.97535
0.97472
0.97522
0.97481
0.97474
0.97493
0.97526
0.97502
0.97535
0.97517
0.97493
0.97487
0.97506
0.97484
0.97497
0.97493
0.97479
0.97476
0.97488
0.97485
0.97486
0.97471
0.97455
0.97472
0.97462
0.97469
0.97476
0.97464
0.97464
0.97473
0.97479
0.97472
0.97469
0.97467
0.97473
0.97463
0.97463
0.97484
0.9749
0.97488
0.975
0.97495
0.97491
0.97506
0.97499
0.97491
0.9751
0.97487
0.97481
0.97495
0.97485
0.97474
0.97477
0.97481
0.97468
0.97475
0.97465
0.97451
0.97446
0.97452
0.9745
0.97453
0.97467
0.97481
0.97459
0.97452
0.9744
0.97437
0.97468
0.97449
0.97454
0.97453
0.97463
0.97467
0.97455
0.9746
0.97461
0.97479
0.97474
0.97476
0.97465
0.9746
0.97479
0.97475
0.97471
0.97469
0.97491
0.97486
0.97497
0.97475
0.97477
0.97491
0.97494
0.97478
0.97465
0.97439
0.97441
0.97457
0.97455
0.97425
0.97421
0.97461
0.97473
0.97433
0.9743
0.97417
0.97444
0.97415
0.97389
0.97408
0.97383
0.9738
0.97368
0.97372
0.97366
0.97358
0.97367
0.97393
0.97374
0.97388
0.97383
0.97359
0.97361
0.97395
0.97397
0.9736
0.974
0.97348
0.97411
0.97408
0.97402
0.97431
0.97367
0.97367
0.97431
0.97446
0.97436
0.97432
0.97409
0.9734
0.974
0.97351
0.97348
0.9734
0.97361
0.97411
0.97391
0.9735
0.974
0.97348
0.97399
0.974
0.97381
0.97331
0.97334
0.97314
0.97333
0.97374
0.97326
0.9738
0.97331
0.97315
0.97365
0.97374
0.97375
0.97323
0.97305
0.97359
0.97358
0.97362
0.97358
0.97361
0.97314
0.97365
0.97345
0.97276
0.97333
0.97357
0.97295
0.97269
0.97325
0.97343
0.97273
0.97264
0.97274
0.9728
0.97267
0.97327
0.97327
0.97269
0.97257
0.97322
0.97273
0.97264
0.97263
0.97322
0.97243
0.97227
0.97309
0.97316
0.97315
0.97243
0.97256
0.97246
0.9724
0.97239
0.9729
0.97226
0.97293
0.97293
0.97233
0.97227
0.97304
0.97261
0.97284
0.97284
0.97287
0.97333
0.97312
0.97319
0.9726
0.97313
0.97304
0.97321
0.97291
0.9726
0.97286
0.97278
0.97288
0.97269
0.97323
0.97335
0.9729
0.97323
0.97315
0.97271
0.97285
0.97328
0.97302
0.97331
0.97316
0.9732
0.97308
0.97319
0.97282
0.97338
0.97305
0.97289
0.9732
0.97302
0.97343
0.97348
0.97327
0.9728
0.9732
0.9728
0.97325
0.97343
0.97312
0.97352
0.97312
0.97361
0.97331
0.9727
0.97322
0.97277
0.97278
0.9728
0.97276
0.97269
0.97312
0.97265
0.97278
0.97277
0.97332
0.97288
0.97325
0.97334
0.97326
0.97342
0.97344
0.97331
0.97289
0.97279
0.97318
0.97284
0.97331
0.97318
0.97326
0.97338
0.9734
0.97343
0.973
0.9734
0.97285
0.9729
0.97279
0.97328
0.97275
0.97283
0.97335
0.97306
0.97311
0.9725
0.97298
0.97257
0.97274
0.97254
0.9729
0.97264
0.97281
0.97296
0.97273
0.97254
0.9726
0.97254
0.97254
0.97261
0.97287
0.97276
0.97263
0.97222
0.97242
0.97215
0.97222
0.97218
0.97235
0.9726
0.9724
0.97254
0.97219
0.97223
0.97243
0.97243
0.97217
0.97197
0.97206
0.97197
0.97191
0.97229
0.97212
0.97232
0.97216
0.97235
0.97217
0.97199
0.97229
0.97246
0.97235
0.97216
0.97247
0.97267
0.97249
0.97226
0.97223
0.97251
0.97228
0.97238
0.97243
0.97185
0.97179
0.97371
0.97227
0.97327
0.97349
0.97393
0.97363
0.97339
0.97357
0.97377
0.97362
0.97384
0.97353
0.97338
0.97363
0.9738
0.97511
0.9748
0.97523
0.97389
0.97516
0.9739
0.97519
0.97483
0.97493
0.97524
0.97494
0.97533
0.97534
0.97535
0.975
0.97546
0.97502
0.97538
0.975
0.97541
0.97552
0.97559
0.97514
0.97548
0.97497
0.97489
0.97531
0.97547
0.97509
0.97509
0.9755
0.97512
0.97536
0.975
0.97536
0.97503
0.97513
0.9755
0.97512
0.97546
0.97509
0.97651
0.9754
0.97649
0.97551
0.97545
0.97557
0.97641
0.97556
0.97638
0.97547
0.97543
0.97557
0.97634
0.97563
0.97553
0.97549
0.97624
0.97533
0.97513
0.97516
0.97504
0.97513
0.976
0.97511
0.97508
0.97506
0.97513
0.97502
0.97501
0.97496
0.97492
0.97487
0.97596
0.97493
0.97499
0.97485
0.97586
0.97494
0.97585
0.975
0.97586
0.97501
0.97507
0.97508
0.97518
0.97511
0.97596
0.97524
0.9759
0.97515
0.97501
0.9748
0.97487
0.97491
0.97569
0.97476
0.97557
0.97474
0.97569
0.97482
0.97566
0.97472
0.97572
0.9748
0.9756
0.97468
0.9755
0.97432
0.97536
0.97432
0.97526
0.9744
0.97535
0.9743
0.97552
0.97457
0.97449
0.97463
0.97539
0.97454
0.97551
0.97464
0.97554
0.97465
0.9748
0.97471
0.97557
0.97467
0.97478
0.97483
0.9758
0.9749
0.97578
0.97485
0.97483
0.97485
0.97567
0.97448
0.97545
0.97426
0.97535
0.97443
0.97445
0.97443
0.9755
0.97462
0.97562
0.97479
0.97485
0.97478
0.97473
0.97456
0.97454
0.97457
0.9754
0.97458
0.97535
0.97455
0.97459
0.97455
0.97552
0.97462
0.97553
0.9746
0.97555
0.97472
0.97579
0.97452
0.97584
0.97486
0.97587
0.97491
0.97485
0.97513
0.97582
0.9749
0.9758
0.97472
0.97578
0.97485
0.9748
0.97465
0.97563
0.97467
0.97476
0.9748
0.97466
0.97463
0.9768
0.97681
0.97475
0.97682
0.97481
0.97691
0.97681
0.97669
0.9746
0.97675
0.97684
0.97669
0.97457
0.97675
0.97693
0.9767
0.97686
0.97677
0.97458
0.97684
0.97475
0.9768
0.97479
0.9768
0.97492
0.97686
0.97501
0.97688
0.97501
0.97706
0.97503
0.977
0.97509
0.97719
0.97727
0.9771
0.97716
0.97705
0.97491
0.97686
0.97491
0.97675
0.97686
0.9768
0.97674
0.97659
0.97455
0.97659
0.97664
0.97669
0.97486
0.97679
0.97679
0.97686
0.97674
0.97675
0.97484
0.97681
0.97681
0.97689
0.97492
0.97688
0.97491
0.97671
0.97677
0.97666
0.97673
0.97654
0.97663
0.97644
0.97659
0.97646
0.97674
0.97663
0.97553
0.9766
0.9755
0.97664
0.9754
0.97678
0.97553
0.97682
0.97563
0.97697
0.97711
0.97696
0.97696
0.97699
0.97582
0.97694
0.97586
0.97697
0.97711
0.97708
0.97712
0.97696
0.97703
0.97687
0.97556
0.97677
0.97684
0.97679
0.97553
0.97671
0.97672
0.97676
0.97682
0.97681
0.97548
0.97688
0.97548
0.97682
0.97555
0.97693
0.97693
0.97699
0.97546
0.97675
0.97679
0.9768
0.97671
0.97672
0.97684
0.97676
0.97683
0.97681
0.97545
0.97682
0.97534
0.97679
0.97679
0.9768
0.97667
0.97659
0.97666
0.97652
0.9766
0.97655
0.97664
0.97673
0.97656
0.97672
0.97668
0.97665
0.9767
0.97665
0.97659
0.97673
0.97668
0.97676
0.97665
0.97651
0.9766
0.97663
0.97659
0.97654
0.97663
0.97649
0.97655
0.97673
0.97667
0.9766
0.97664
0.97653
0.97648
0.97649
0.97653
0.97646
0.97659
0.9766
0.97653
0.97648
0.97662
0.97665
0.97656
0.97659
0.97674
0.97672
0.97682
0.97689
0.97677
0.97679
0.97689
0.97699
0.97684
0.97681
0.97668
0.97664
0.97649
0.97659
0.97652
0.97663
0.97671
0.97659
0.97663
0.9767
0.9767
0.9768
0.97681
0.97683
0.97686
0.97674
0.97691
0.97682
0.97686
0.97689
0.97669
0.97678
0.97676
0.97668
0.97679
0.97664
0.97675
0.97682
0.97669
0.97647
0.97661
0.97668
0.9766
0.97657
0.97643
0.97638
0.97642
0.97648
0.97649
0.97647
0.9766
0.97644
0.97656
0.97643
0.97632
0.97648
0.97646
0.97655
0.97664
0.97651
0.97659
0.9765
0.97654
0.97633
0.97647
0.97658
0.97648
0.97651
0.9764
0.97633
0.97642
0.97638
0.97632
0.97639
0.9764
0.9764
0.97651
0.97669
0.97668
0.97664
0.97676
0.97669
0.9767
0.97683
0.97667
0.97664
0.97663
0.97653
0.97663
0.97661
0.97652
0.97655
0.97647
0.97638
0.97619
0.97629
0.97643
0.9764
0.97641
0.97635
0.97635
0.97651
0.97663
0.97647
0.97649
0.9766
0.97651
0.9765
0.97663
0.97664
0.97659
0.97649
0.97663
0.97664
0.97672
0.97673
0.97672
0.97687
0.97681
0.97685
0.97687
0.97683
0.97685
0.97692
0.97699
0.97708
0.97713
0.97712
0.97713
0.97714
0.97713
0.9771
0.97698
0.97712
0.97707
0.97705
0.97708
0.97723
0.97718
0.97726
0.97725
0.97711
0.97701
0.97715
0.97724
0.97719
0.9771
0.9774
0.97727
0.97714
0.97715
0.97739
0.97727
0.9771
0.97728
0.97707
0.97718
0.9772
0.97727
0.97727
0.97731
0.97723
0.97723
0.97725
0.97704
0.97716
0.97716
0.97719
0.97718
0.97706
0.97711
0.9771
0.97698
0.97687
0.97677
0.97689
0.97682
0.97678
0.97685
0.97691
0.97684
0.97692
0.9768
0.97684
0.97683
0.97688
0.97688
0.97682
0.97681
0.97689
0.97687
0.97686
0.97668
0.9768
0.97683
0.97682
0.97686
0.97685
0.97703
0.97701
0.97687
0.97681
0.97707
0.97708
0.97717
0.97712
0.97718
0.97706
0.97708
0.97701
0.97707
0.977
0.9771
0.97697
0.97692
0.97684
0.97692
0.97689
0.97698
0.97706
0.97695
0.97697
0.97695
0.97693
0.97699
0.97692
0.97688
0.97682
0.97675
0.97672
0.97664
0.97668
0.97652
0.97668
0.97656
0.97655
0.97664
0.97664
0.9766
0.97664
0.97652
0.9767
0.9767
0.97677
0.97674
0.97678
0.9767
0.97671
0.97674
0.97672
0.97676
0.97676
0.97671
0.97662
0.9768
0.9768
0.97675
0.97681
0.9768
0.97679
0.97678
0.9767
0.9767
0.97665
0.97659
0.97658
0.97649
0.97648
0.97647
0.97649
0.97648
0.97636
0.97632
0.97631
0.97633
0.97641
0.97639
0.97635
0.97625
0.97642
0.97635
0.97635
0.97645
0.97646
0.97657
0.97649
0.9764
0.97635
0.97636
0.97637
0.97642
0.97644
0.97622
0.97621
0.97624
0.97613
0.97604
0.97617
0.97611
0.97605
0.976
0.97603
0.97613
0.97595
0.97589
0.9759
0.9759
0.97584
0.97572
0.97577
0.97576
0.97582
0.97575
0.97558
0.97559
0.9756
0.97544
0.97561
0.97546
0.97535
0.97534
0.97532
0.97537
0.97536
0.97536
0.9754
0.97554
0.97546
0.97551
0.97535
0.97531
0.97519
0.97682
0.97534
0.97665
0.97521
0.97501
0.97501
0.97643
0.97481
0.97485
0.97489
0.9766
0.97661
0.97665
0.97666
0.97663
0.97676
0.97673
0.97673
0.97678
0.97685
0.97677
0.97681
0.97684
0.97676
0.9768
0.97672
0.97671
0.97664
0.9767
0.97653
0.97653
0.97653
0.97659
0.97653
0.97638
0.9764
0.97627
0.97631
0.97643
0.97635
0.97641
0.97633
0.97645
0.9764
0.97648
0.97639
0.97636
0.97626
0.97623
0.97629
0.97618
0.97626
0.97628
0.97617
0.97601
0.97609
0.97624
0.97627
0.97644
0.97642
0.97634
0.97635
0.97639
0.97641
0.97635
0.97636
0.97632
0.97652
0.97661
0.9767
0.97674
0.97677
0.9767
0.97678
0.97679
0.97687
0.97677
0.97687
0.97679
0.97679
0.97681
0.9769
0.97693
0.9769
0.97693
0.97703
0.977
0.97691
0.97681
0.97687
0.97678
0.97686
0.97682
0.97687
0.97699
0.97681
0.97686
0.97682
0.97681
0.9768
0.97691
0.97675
0.97674
0.97672
0.97674
0.97676
0.97677
0.97686
0.97687
0.97697
0.97699
0.97695
0.97692
0.97691
0.97689
0.97679
0.97687
0.97698
0.97687
0.97699
0.97703
0.97707
0.97706
0.9771
0.97709
0.97697
0.97707
0.97702
0.97714
0.9771
0.97721
0.97715
0.97701
0.97713
0.97715
0.97705
0.97696
0.97704
0.97702
0.97715
0.97729
0.97732
0.97717
0.97714
0.97727
0.97725
0.97732
0.97727
0.97731
0.97736
0.97745
0.97751
0.97763
0.97754
0.97751
0.97749
0.97751
0.97764
0.97758
0.97746
0.97732
0.97723
0.97715
0.97722
0.9772
0.97719
0.97718
0.9771
0.97732
0.97725
0.97734
0.97736
0.97731
0.97723
0.97729
0.97719
0.97709
0.97706
0.97715
0.97706
0.97712
0.97716
0.97709
0.97716
0.97726
0.97714
0.97716
0.97721
0.9772
0.97722
0.9772
0.97722
0.9772
0.97718
0.97707
0.97715
0.97722
0.9772
0.97719
0.97714
0.97699
0.97705
0.97716
0.97695
0.97704
0.97702
0.97692
0.97703
0.97706
0.97704
0.97719
0.97709
0.97719
0.9772
0.97733
0.97735
0.97738
0.97741
0.97741
0.97738
0.97735
0.97746
0.97725
0.97733
0.97736
0.97729
0.97714
0.97718
0.97704
0.97719
0.97718
0.97715
0.97722
0.97723
0.97708
0.97702
0.97708
0.97696
0.97699
0.97693
0.97702
0.97702
0.97699
0.97695
0.97713
0.97712
0.97709
0.97717
0.97717
0.9771
0.97707
0.97703
0.97706
0.97691
0.97688
0.97691
0.97702
0.9769
0.97704
0.97707
0.97707
0.97709
0.97708
0.97708
0.97701
0.97695
0.9768
0.97695
0.97708
0.97697
0.977
0.97689
0.9768
0.97675
0.97686
0.97677
0.97677
0.97672
0.97675
0.97678
0.97689
0.9769
0.97691
0.97687
0.97682
0.97682
0.97676
0.97668
0.97681
0.9768
0.97688
0.97688
0.97678
0.97676
0.97673
0.97674
0.97665
0.97669
0.97663
0.97674
0.97669
0.97667
0.97674
0.97666
0.97655
0.97669
0.97666
0.97674
0.97661
0.97666
0.97668
0.97672
0.97667
0.97684
0.97676
0.97677
0.97686
